0.662114 116
8.305552 1
0.145670 1
0.103279 1
0.217255 1
0.507692 1
0.499016 1
0.103806 1
0.075285 1
0.331078 1
0.314220 4
0.101284 1
0.118093 1
0.136176 1
0.362813 1
0.143592 1
0.105377 1
0.312753 1
0.146346 1
0.088340 1
0.167228 1
0.187057 1
0.137979 1
0.082501 1
0.064762 1
0.081686 1
0.206432 2
3.523019 55
0.011002 6
0.002872 157
0.000399 4
0.000074 4
1.162534 39
0.000954 81
0.000386 10
0.000305 2
0.000164 6
0.007355 69
0.046939 63
0.008703 108
1.014791 7
0.000357 96
0.000204 5
0.000067 5
0.000078 2
0.008800 77
0.000297 10
0.731936 7
0.000442 75
0.000128 5
0.000029 5
0.000075 2
0.002985 101
0.000150 5
0.000065 5
0.994500 7
0.000369 99
0.000061 5
0.000070 5
0.000067 2
0.002834 60
0.000129 5
0.000042 5
0.933446 7
0.000238 58
0.000093 5
0.000157 7
0.002756 75
0.000097 10
0.855088 7
0.000380 73
0.000103 5
0.000079 5
0.000096 2
0.003344 60
0.000035 5
0.000063 5
0.850266 7
0.000294 58
0.000112 5
0.000042 5
0.000075 2
0.002751 92
0.000069 5
0.000041 5
0.810552 7
0.000415 90
0.000184 5
0.000056 5
0.000073 2
0.004099 6
0.001764 208
0.000252 5
0.000023 5
1.112718 31
0.000476 148
0.000066 5
0.000052 5
0.000161 8
0.413220 83
0.000015 5
0.819517 7
0.000306 76
0.000073 5
0.000046 5
0.000046 2
0.002630 63
0.000130 5
0.000059 5
0.785674 7
0.000411 61
0.000274 5
0.000168 5
0.002275 2
0.000879 6
0.000795 171
0.000073 5
0.000036 5
1.392989 23
0.000392 115
0.000096 5
0.000068 5
0.000055 2
0.000050 6
1.634786 22
0.000099 30
0.009591 28
0.002463 19
0.000029 1
0.000015 12
0.000784 19
0.000025 1
0.000013 21
0.000675 19
0.000021 1
0.000012 15
0.000784 43
0.000581 19
0.000041 20
0.000700 19
0.000022 1
0.000014 15
0.000610 34
0.000588 19
0.000023 1
0.000017 14
0.003575 71
0.000154 10
2.192667 7
0.000571 116
0.000274 4
0.000164 5
0.000064 5
1.292280 19
0.000477 92
0.000145 10
0.000064 2
0.001484 19
0.000080 1
0.000040 14
0.001387 19
0.000065 1
0.000076 20
0.000874 19
0.000035 1
0.000071 15
0.000733 19
0.000134 12
0.000674 19
0.000048 1
0.000052 31
0.000713 19
0.000046 1
0.000051 27
0.000834 19
0.000046 1
0.000042 28
0.000843 19
0.000060 1
0.000052 31
0.000947 19
0.000068 1
0.000047 26
0.000783 19
0.000032 1
0.000054 23
0.000812 19
0.000053 1
0.000048 41
0.002318 120
0.000570 19
0.000031 1
0.000049 42
0.000743 19
0.000091 26
0.000838 20
0.000033 33
0.001375 54
0.000910 52
0.000903 58
0.000755 19
0.000052 1
0.000043 33
0.000833 37
0.000884 36
0.000823 33
0.000959 38
0.000860 19
0.000070 1
0.000029 16
0.000870 19
0.000063 1
0.000044 13
0.000930 19
0.000035 1
0.000044 23
0.003413 19
0.000044 1
0.000064 19
0.000949 19
0.000054 1
0.000042 24
0.000865 19
0.000058 1
0.000039 15
0.000817 19
0.000049 1
0.000077 13
0.000807 19
0.000081 20
0.001020 20
0.000055 15
0.001215 19
0.000086 13
0.001155 19
0.000051 1
0.000070 15
0.001520 19
0.000034 1
0.000023 11
0.001004 32
0.000802 19
0.000038 1
0.000026 46
0.000838 19
0.000054 1
0.000075 44
0.000845 19
0.000033 1
0.000043 51
0.000838 20
0.000055 48
0.000904 19
0.000055 1
0.000039 47
0.000775 19
0.000050 1
0.000045 36
0.000931 19
0.000058 1
0.000062 34
0.000797 19
0.000053 1
0.000058 41
0.000782 19
0.000053 1
0.000059 38
0.000761 19
0.000053 1
0.000058 37
0.000776 19
0.000050 1
0.000062 42
0.000770 19
0.000051 1
0.000057 40
0.000791 19
0.000031 1
0.000063 47
0.000748 19
0.000052 1
0.000057 44
0.000784 19
0.000055 1
0.000026 43
0.018984 157
0.735077 6
0.004564 117
0.060911 123
0.064040 123
0.058201 123
0.050648 123
0.050774 123
0.453480 123
0.111463 123
0.051327 123
0.388011 123
0.055648 123
0.052687 123
0.051031 123
0.116191 123
0.053113 123
0.119249 123
0.052937 123
0.954620 122
1.460129 120
0.050481 121
0.048982 122
0.052574 122
0.049398 122
0.051591 122
0.058992 122
0.049658 122
0.049807 122
0.056406 120
0.049879 122
0.051098 122
0.050076 122
0.050665 122
0.065910 117
0.053610 122
0.057217 118
0.049322 121
0.051047 122
0.051234 122
0.050599 122
0.052500 122
0.052181 118
0.049350 122
0.058121 118
0.051480 117
0.049731 122
0.051865 122
0.050060 115
0.055500 122
0.052637 119
0.055504 122
0.053605 122
0.049403 122
0.807206 111
0.085309 111
0.094295 111
0.451032 106
0.193538 126
0.100831 126
0.054066 126
0.049264 126
0.051997 126
0.049915 122
0.053020 126
0.059959 126
0.068017 108
0.049853 108
0.833633 123
0.067187 123
0.234089 123
0.014993 10
0.000177 15
0.000478 21
0.000010 5
0.000057 93
0.000481 36
0.000023 5
0.000021 15
0.000024 152
0.000271 2
0.001240 33
0.000961 153
0.021851 23
0.002089 6
0.007548 116
1.999612 1
0.099843 1
0.114124 1
0.348195 1
0.189410 1
0.104483 1
0.253770 20
0.512767 2
0.002303 162
0.894272 1
0.266587 1
0.268605 1
0.148635 1
0.139199 1
0.186235 1
0.185431 1
0.069714 1
0.230074 1
0.977093 2
0.342365 162
4.450772 78
0.017973 14
0.014884 97
0.000370 207
0.001538 125
0.000052 207
0.000203 125
0.000011 165
0.000015 42
0.000385 125
0.000011 165
0.000016 42
0.004900 69
0.003122 51
3.002190 125
0.010170 165
0.000029 42
0.001024 125
0.001338 165
0.000013 42
0.000403 125
0.000719 207
0.003265 125
0.000442 166
0.000934 167
0.000479 168
0.000549 168
0.000650 168
0.000198 168
0.000397 168
0.011358 84
0.000018 84
0.000482 84
0.000014 84
0.002047 84
0.000016 84
0.010528 84
0.000088 84
0.390223 168
0.201557 169
0.012806 85
0.000025 85
0.004535 85
0.000020 85
0.015278 170
0.014294 170
0.006370 170
0.001506 85
0.000022 85
0.006800 170
0.054629 170
1.052011 85
0.000014 85
0.019232 211
0.001686 44
0.000023 85
0.001227 85
0.000024 85
0.001433 85
0.000013 85
0.005304 85
0.000015 85
0.000285 85
0.000020 85
0.000331 85
0.000019 85
0.027162 170
0.007886 170
0.008213 85
0.000027 85
0.007408 85
0.000016 85
0.003487 170
0.033295 167
0.000029 44
0.001819 44
0.000016 85
0.000372 85
0.000019 85
0.000327 85
0.000020 85
0.000322 85
0.000018 85
0.000264 85
0.000016 85
0.000290 85
0.000016 85
0.000223 85
0.000019 85
0.000211 85
0.000019 85
0.000221 85
0.000020 85
0.000211 85
0.000022 86
0.000204 86
0.000019 86
0.000221 86
0.000021 86
0.000258 86
0.000019 86
0.000222 86
0.000017 86
0.000225 86
0.000017 86
0.000221 86
0.000016 86
0.001489 172
0.001906 86
0.000025 86
0.000456 86
0.000024 86
0.000800 86
0.000021 86
0.000377 86
0.000020 86
0.000306 172
0.002050 86
0.000021 86
0.000338 86
0.000025 86
0.000272 86
0.000025 86
0.000283 86
0.000024 86
0.003577 86
0.000024 86
0.006389 86
0.000027 86
0.004747 172
0.001003 86
0.000011 86
0.000603 172
0.001821 86
0.000013 86
0.005674 172
0.004831 172
0.002792 86
0.000014 86
0.001249 86
0.000020 86
0.001951 172
0.005744 172
0.004002 172
0.002273 172
0.002771 172
0.002620 86
0.000013 86
0.090967 173
0.001273 171
0.005708 88
0.000011 85
0.001798 171
0.015355 88
0.000014 85
0.059162 170
0.025852 85
0.000107 85
0.225429 170
0.019154 85
0.000015 85
0.002186 85
0.000020 85
0.000379 85
0.000011 85
0.011654 170
0.099146 170
0.093138 85
0.000016 85
0.104869 85
0.000098 85
0.006689 85
0.000015 85
0.000501 85
0.000065 85
0.033542 85
0.000023 85
0.001386 85
0.000032 85
0.018145 85
0.000015 85
0.000532 85
0.000014 85
0.041541 85
0.000015 85
0.004007 85
0.000014 85
0.005160 171
0.000235 172
0.000809 86
0.000020 86
0.001942 172
0.000791 172
0.000633 86
0.000013 86
0.000698 172
0.011622 172
0.000363 86
0.000012 86
0.017424 172
0.001176 172
0.165896 172
0.000504 86
0.000010 86
0.000425 86
0.000013 86
0.000335 86
0.000020 86
0.003791 172
0.000707 86
0.000024 86
0.000821 86
0.000017 86
0.000862 86
0.000010 86
0.000326 86
0.000022 86
0.000257 86
0.000017 86
0.000347 86
0.000016 86
0.000681 86
0.000017 86
0.000318 86
0.000016 86
0.000206 86
0.000011 86
0.000296 86
0.000015 86
0.000251 86
0.000016 86
0.000184 86
0.000016 86
0.000191 86
0.000016 86
0.000217 86
0.000010 86
0.000203 86
0.000011 86
0.000183 86
0.000046 86
0.000159 86
0.000019 86
0.000265 172
0.000203 86
0.000019 86
0.000266 86
0.000016 86
0.000231 86
0.000019 86
0.000746 344
0.000151 86
0.000016 86
0.000255 86
0.000020 86
0.000237 86
0.000011 86
0.000201 86
0.000014 86
0.000665 432
0.000023 87
0.000207 87
0.000022 87
0.000234 87
0.000011 87
0.000225 87
0.000013 87
0.000208 87
0.000018 87
0.000186 87
0.000014 87
0.000176 87
0.000012 87
0.000196 87
0.000011 87
0.000183 87
0.000016 87
0.000181 87
0.000015 87
0.000196 87
0.000016 87
0.000182 87
0.000016 87
0.000179 87
0.000013 87
0.000274 87
0.000015 87
0.000193 87
0.000014 87
0.000168 87
0.000016 87
0.000190 87
0.000015 87
0.000172 87
0.000014 87
0.000166 87
0.000016 87
0.000184 87
0.000018 87
0.000409 87
0.000019 87
0.000335 87
0.000011 87
0.000230 87
0.000021 87
0.000193 87
0.000020 87
0.000233 87
0.000017 87
0.000808 87
0.000017 87
0.000235 87
0.000018 87
0.000208 87
0.000019 87
0.000193 87
0.000017 87
0.000189 87
0.000016 87
0.000192 87
0.000016 87
0.001769 174
0.000031 87
0.000017 87
0.000305 87
0.000060 87
0.000217 87
0.000018 87
0.000261 87
0.000017 87
0.000270 87
0.000018 87
0.000265 87
0.000015 87
0.000361 87
0.000016 87
0.000323 87
0.000019 87
0.000373 87
0.000018 87
0.000377 87
0.000018 87
0.000374 174
0.000312 87
0.000016 87
0.000288 87
0.000019 87
0.000250 87
0.000020 87
0.000254 87
0.000020 87
0.000253 87
0.000020 87
0.000253 87
0.000020 87
0.000248 87
0.000018 87
0.000298 174
0.000242 87
0.000018 87
0.000292 87
0.000081 87
0.000224 87
0.000026 87
0.000183 87
0.000017 87
0.000189 87
0.000022 87
0.000230 87
0.000012 87
0.000188 87
0.000046 87
0.000153 87
0.000017 87
0.000293 175
0.000142 88
0.000019 88
0.000186 88
0.000014 88
0.000182 88
0.000016 88
0.000183 88
0.000016 88
0.000218 88
0.000007 88
0.000182 88
0.000015 88
0.000176 88
0.000018 88
0.000201 88
0.000017 88
0.000231 88
0.000017 88
0.000238 88
0.000018 88
0.000243 88
0.000019 88
0.000250 88
0.000022 88
0.000179 88
0.000019 88
0.000186 88
0.000020 88
0.000240 88
0.000022 88
0.000211 88
0.000018 88
0.000177 88
0.000018 88
0.000202 88
0.000012 88
0.000175 88
0.000010 88
0.000169 88
0.000012 88
0.000168 88
0.000045 88
0.000147 88
0.000017 88
0.000164 88
0.000010 88
0.000165 88
0.000008 88
0.000188 88
0.000017 88
0.000194 88
0.000011 88
0.000187 88
0.000009 88
0.000164 88
0.000018 88
0.000168 88
0.000018 88
0.000162 88
0.000018 88
0.000161 88
0.000009 88
0.000165 88
0.000018 88
0.000161 88
0.000017 88
0.000159 88
0.000017 88
0.000160 88
0.000018 88
0.000158 88
0.000017 88
0.000165 88
0.000017 88
0.000157 88
0.000018 88
0.000157 88
0.000018 88
0.000187 88
0.000017 88
0.000164 88
0.000017 88
0.000157 88
0.000017 88
0.000168 88
0.000017 88
0.000161 88
0.000016 88
0.000180 88
0.000015 88
0.000165 88
0.000019 88
0.000192 88
0.000022 88
0.000224 88
0.000050 88
0.000197 88
0.000017 88
0.000167 88
0.000017 88
0.000163 88
0.000017 88
0.000296 88
0.000020 88
0.001077 176
0.001145 88
0.000018 88
0.004583 88
0.000015 88
0.001365 176
0.000593 88
0.000023 88
0.000257 88
0.000020 88
0.000723 88
0.000021 88
0.000220 88
0.000018 88
0.000893 88
0.000024 88
0.000831 176
0.000427 88
0.000019 88
0.071104 88
0.000031 88
0.023764 88
0.000017 88
0.064325 88
0.000020 88
0.013368 176
0.024550 88
0.000025 88
0.011992 176
0.010934 176
0.001253 176
0.000343 176
0.000993 176
0.000850 176
0.005160 176
0.003968 176
0.000545 176
0.000696 176
0.000663 176
0.000526 176
0.000924 88
0.000012 88
0.000686 88
0.000058 88
0.000604 176
0.000564 176
0.000600 176
0.000514 176
0.000448 176
0.000518 176
0.000512 176
0.000468 88
0.000049 88
0.000543 176
0.000722 176
0.000472 88
0.000024 88
0.000997 177
0.000834 178
0.000665 178
0.003162 89
0.000015 89
0.000612 89
0.000011 89
0.000462 89
0.000019 89
0.000391 89
0.000019 89
0.000968 89
0.000019 89
0.000462 89
0.000018 89
0.000357 89
0.000017 89
0.000698 89
0.000020 89
0.000751 89
0.000019 89
0.001414 89
0.000021 89
0.000830 89
0.000017 89
0.000558 89
0.000027 89
0.000837 91
0.000018 88
0.001022 176
0.000623 176
0.000514 176
0.000932 176
0.000815 176
0.001654 88
0.000015 88
0.000696 88
0.000014 88
0.000438 88
0.000030 88
0.000430 88
0.000020 88
0.000389 88
0.000018 88
0.000361 88
0.000018 88
0.000502 176
0.000537 176
0.000542 176
0.000563 176
0.000550 176
0.000367 176
0.000381 176
0.000361 176
0.000480 176
0.001212 176
0.003117 88
0.000014 88
0.003431 88
0.000069 88
0.001748 88
0.000019 88
0.001103 176
0.007423 88
0.000014 88
0.001156 88
0.000015 88
0.002280 88
0.000073 88
0.002170 88
0.000068 88
0.000683 176
0.000475 176
0.000504 176
0.000382 176
0.000533 176
0.000422 176
0.000528 176
0.000524 88
0.000025 88
0.000443 88
0.000021 88
0.000916 88
0.000027 88
0.001014 176
0.000972 176
0.000543 88
0.000014 88
0.002042 176
0.000929 88
0.000033 88
0.002007 176
0.002165 88
0.000048 88
0.000807 88
0.000020 88
0.001341 88
0.000017 88
0.001886 88
0.000014 88
0.000538 88
0.000020 88
0.000830 88
0.000017 88
0.001841 88
0.000031 88
0.001569 176
0.001011 176
0.001265 176
0.000951 176
0.000736 176
0.000635 88
0.000012 88
0.000679 176
0.001199 176
0.000993 176
0.001660 176
0.000815 176
0.000522 176
0.000576 176
0.000649 176
0.000608 176
0.000700 88
0.000020 88
0.001230 176
0.001077 176
0.001162 176
0.001254 176
0.000628 176
0.000814 176
0.000839 176
0.001299 176
0.000820 176
0.000544 88
0.000021 88
0.001190 176
0.000918 88
0.000020 88
0.001008 88
0.000012 88
0.001365 88
0.000051 88
0.001160 176
0.001182 176
0.000806 176
0.000849 88
0.000055 88
0.000807 176
0.000855 176
0.000598 176
0.000423 177
0.000568 174
0.000575 174
0.000821 174
0.001972 87
0.000019 87
0.000956 174
0.000312 174
0.000177 87
0.000012 87
0.000174 87
0.000035 87
0.000440 87
0.000020 87
0.000383 87
0.000018 87
0.000194 87
0.000016 88
0.000176 88
0.000015 88
0.007525 88
0.000012 88
0.023352 176
0.000742 176
0.001325 88
0.000015 88
0.000205 88
0.000014 88
0.000712 88
0.000025 88
0.001430 176
0.002615 176
0.024333 88
0.000016 88
0.000313 88
0.000063 88
0.000357 88
0.000021 88
0.006712 88
0.000020 88
0.003085 176
0.001731 176
0.001157 176
0.000418 90
0.000021 87
0.001116 174
0.003965 174
0.000948 174
0.014759 87
0.000027 87
0.002188 174
0.000425 174
0.000675 174
0.003259 87
0.000024 87
0.000304 87
0.000022 87
0.000381 174
0.000518 87
0.000037 88
0.022105 177
0.008636 87
0.000016 88
0.004947 176
0.002079 88
0.000028 88
0.000905 88
0.000028 88
0.000517 88
0.000022 88
0.000647 88
0.000027 88
0.000592 176
0.000499 88
0.000028 88
0.000489 88
0.000026 88
0.000956 88
0.000024 88
0.000612 88
0.000029 88
0.000407 88
0.000028 88
0.000359 88
0.000028 88
0.000694 88
0.000026 88
0.000373 88
0.000055 88
0.000186 88
0.000021 88
0.000202 88
0.000049 88
0.000193 88
0.000012 88
0.000238 88
0.000021 88
0.000477 88
0.000026 88
0.000357 88
0.000024 88
0.001439 88
0.000031 88
0.001123 88
0.000022 88
0.000496 88
0.000021 88
0.000352 88
0.000020 88
0.000389 176
0.000289 88
0.000027 88
0.000307 88
0.000025 88
0.000340 176
0.000236 176
0.000220 176
0.000176 88
0.000020 88
0.000259 88
0.000021 88
0.000224 88
0.000022 88
0.000388 176
0.000536 176
0.000317 88
0.000021 88
0.000254 88
0.000040 88
0.000323 88
0.000022 88
0.000331 88
0.000021 88
0.000354 88
0.000022 88
0.000383 88
0.000019 88
0.000370 88
0.000027 88
0.000432 88
0.000025 88
0.000435 88
0.000011 88
0.000329 88
0.000019 88
0.000576 88
0.000032 88
0.000391 88
0.000016 88
0.000268 88
0.000016 88
0.000248 88
0.000018 88
0.000277 88
0.000016 88
0.000298 88
0.000019 88
0.000259 88
0.000017 88
0.000961 88
0.000024 88
0.000639 88
0.000009 88
0.000524 88
0.000023 88
0.000501 88
0.000026 88
0.000498 88
0.000053 88
0.000384 176
0.000283 176
0.000276 88
0.000021 88
0.000304 88
0.000019 88
0.000294 88
0.000022 88
0.000308 88
0.000018 88
0.000308 88
0.000022 88
0.000330 88
0.000022 88
0.000230 88
0.000017 88
0.000199 88
0.000016 88
0.000272 88
0.000017 88
0.000254 88
0.000017 88
0.000272 88
0.000022 88
0.000223 88
0.000019 88
0.000204 88
0.000018 88
0.000207 88
0.000018 88
0.000215 88
0.000017 88
0.000206 88
0.000017 88
0.000202 88
0.000017 88
0.000569 176
0.000488 176
0.000356 176
0.000937 352
0.000212 88
0.000013 88
0.000466 88
0.000024 88
0.000391 88
0.000015 88
0.000236 88
0.000021 88
0.000226 88
0.000018 88
0.000248 88
0.000020 88
0.000246 88
0.000023 88
0.000327 88
0.000022 88
0.000677 88
0.000022 89
0.000412 178
0.000229 178
0.000263 89
0.000018 89
0.069144 178
0.131328 178
0.007938 89
0.000099 89
0.006047 178
0.000323 178
0.000232 178
0.000179 89
0.000022 89
0.978797 178
0.020707 89
0.000015 89
0.001246 89
0.000021 89
0.000277 89
0.000013 89
0.001578 89
0.000029 89
0.000369 89
0.000023 89
0.000317 89
0.000076 89
0.005257 89
0.000023 89
0.000741 89
0.000033 89
0.001615 89
0.000019 89
0.001528 89
0.000018 89
0.001017 89
0.000040 89
0.004102 89
0.000026 89
0.000390 89
0.000035 89
0.002938 89
0.000032 89
0.006285 89
0.000057 89
0.037475 89
0.000087 89
0.002253 89
0.000022 89
0.001415 89
0.000028 89
0.001336 178
0.000916 179
0.001808 88
0.000086 88
0.002340 88
0.000072 88
0.003267 176
0.001738 88
0.000083 88
0.006569 88
0.000041 88
0.001165 88
0.000065 88
0.000384 88
0.000023 88
0.001214 88
0.000030 88
0.000897 88
0.000056 88
0.000622 88
0.000034 88
0.000277 88
0.000023 88
0.000731 88
0.000034 88
0.002612 88
0.000033 88
0.001109 88
0.000034 88
0.000711 88
0.000034 88
0.000887 88
0.000028 88
0.001376 352
0.001928 88
0.000196 88
0.003302 88
0.000038 88
0.001180 88
0.000023 88
0.001285 88
0.000027 88
0.000775 88
0.000026 88
0.001148 88
0.000068 88
0.001018 88
0.000026 88
0.000294 176
0.000803 88
0.000038 88
0.001205 88
0.000041 88
0.001332 88
0.000025 88
0.000536 88
0.000023 88
0.000989 176
0.001598 88
0.000060 88
0.001496 176
0.001075 176
0.000825 176
0.000625 176
0.000845 88
0.000032 88
0.000954 88
0.000026 88
0.000525 88
0.000029 88
0.000832 176
0.002390 88
0.000017 88
0.004385 88
0.000044 88
0.001901 88
0.000095 88
0.001064 88
0.000025 88
0.001082 88
0.000031 88
0.002279 88
0.000027 88
0.004700 88
0.000035 88
0.001159 88
0.000028 88
0.003614 88
0.000029 88
0.002320 88
0.000028 88
0.000678 88
0.000038 88
0.000992 88
0.000033 88
0.001514 88
0.000017 88
0.000620 88
0.000026 88
0.000500 88
0.000024 88
0.000298 88
0.000022 88
0.000625 88
0.000030 88
0.001013 88
0.000118 88
0.001116 88
0.000025 88
0.000862 88
0.000034 88
0.001024 88
0.000030 88
0.001000 176
0.002642 176
0.001576 88
0.000114 88
0.001081 88
0.001831 264
0.002859 176
0.002164 88
0.000036 88
0.000930 88
0.000032 88
0.000749 176
0.000374 88
0.000023 88
0.000469 88
0.000026 88
0.000259 88
0.000020 88
0.001808 88
0.000047 88
0.004178 176
0.002749 88
0.000047 88
0.001205 176
0.001737 88
0.000049 88
0.001289 88
0.000389 88
0.003086 88
0.000035 88
0.002535 88
0.000357 88
0.000526 88
0.000031 88
0.005517 88
0.000037 88
0.004671 88
0.000026 88
0.001954 88
0.000050 88
0.000816 88
0.000043 88
0.001234 88
0.000033 88
0.000716 88
0.000042 88
0.001591 88
0.000031 88
0.046898 176
0.038984 88
0.000018 88
0.044980 176
0.005675 176
0.039356 88
0.000016 88
0.001132 88
0.000018 88
0.000761 176
0.014232 88
0.000016 88
0.002465 88
0.000014 88
0.000713 88
0.000017 88
0.000229 88
0.000016 88
0.000185 88
0.000017 88
0.000214 88
0.000033 88
0.000190 88
0.000012 88
0.000211 88
0.000018 88
0.000209 88
0.000017 88
0.000211 88
0.000026 88
0.000216 88
0.000026 88
0.000895 88
0.000020 88
0.008333 88
0.000016 88
0.015840 176
0.028323 176
0.001541 176
0.011002 88
0.000016 88
0.000246 88
0.000024 88
0.001279 88
0.000022 88
0.001351 88
0.000028 88
0.000293 88
0.000013 88
0.000187 88
0.000015 88
0.000187 88
0.000010 88
0.000164 88
0.000010 88
0.000148 88
0.000011 88
0.000167 88
0.000011 88
0.000162 88
0.000016 88
0.000182 88
0.000015 88
0.000165 88
0.000037 88
0.000136 88
0.000020 88
0.010781 176
0.002122 176
0.003188 176
0.001897 176
0.008176 176
0.001143 176
0.001965 176
0.000436 88
0.000068 88
0.001293 176
0.000829 176
0.001187 176
0.001005 176
0.000531 176
0.000355 176
0.000786 176
0.006674 88
0.000014 88
0.000221 176
0.000280 88
0.000023 88
0.002257 88
0.000020 88
0.000179 88
0.000014 88
0.000161 88
0.000015 88
0.000181 88
0.000019 88
0.000213 176
0.000136 88
0.000020 88
0.000169 88
0.000019 88
0.000159 88
0.000019 88
0.000171 88
0.000021 88
0.000150 88
0.000017 88
0.000160 88
0.000017 88
0.000156 88
0.000017 88
0.000155 88
0.000018 88
0.000149 88
0.000016 88
0.000159 88
0.000019 88
0.000156 88
0.000018 88
0.000153 88
0.000018 88
0.000152 88
0.000018 88
0.000153 88
0.000018 88
0.000154 88
0.000019 88
0.000152 88
0.000016 88
0.000145 88
0.000016 88
0.000151 88
0.000017 88
0.000150 88
0.000018 88
0.000152 88
0.000019 88
0.000146 88
0.000017 88
0.000150 88
0.000020 88
0.000153 88
0.000026 88
0.000180 176
0.000127 88
0.000013 88
0.000158 88
0.000014 88
0.000163 88
0.000021 88
0.000184 88
0.000025 88
0.000192 88
0.000022 88
0.000208 88
0.000015 88
0.000201 88
0.000015 88
0.000201 88
0.000019 88
0.000175 88
0.000017 88
0.000153 88
0.000017 88
0.000150 88
0.000018 88
0.000148 88
0.000016 88
0.000148 88
0.000016 88
0.000150 88
0.000018 88
0.000151 88
0.000018 88
0.000148 88
0.000016 88
0.000148 88
0.000018 88
0.000187 88
0.000017 88
0.000335 176
0.000131 88
0.000016 88
0.000177 88
0.000017 88
0.000178 88
0.000063 88
0.000135 88
0.000014 88
0.000168 88
0.000034 88
0.000192 176
0.000125 88
0.000012 88
0.000152 88
0.000013 88
0.000155 88
0.000014 88
0.000152 88
0.000013 88
0.000151 88
0.000013 88
0.000152 88
0.000013 88
0.000155 88
0.000014 88
0.000156 88
0.000013 88
0.000154 88
0.000014 88
0.000149 88
0.000013 88
0.000156 88
0.000014 88
0.000155 88
0.000013 88
0.000150 88
0.000013 88
0.000154 88
0.000011 88
0.000158 88
0.000013 88
0.000150 88
0.000014 88
0.000148 88
0.000013 88
0.000250 88
0.000025 88
0.000285 88
0.000020 88
0.000277 88
0.000015 88
0.000273 88
0.000018 88
0.000199 88
0.000015 88
0.000189 88
0.000016 88
0.000182 88
0.000016 88
0.000182 88
0.000017 88
0.000179 88
0.000016 88
0.000178 88
0.000017 88
0.000197 88
0.000017 88
0.000201 88
0.000018 89
0.000194 89
0.000017 89
0.000197 89
0.000019 89
0.000218 89
0.000017 89
0.000211 89
0.000018 89
0.000192 89
0.000019 89
0.000170 89
0.000017 89
0.000160 89
0.000014 89
0.000163 89
0.000014 89
0.000156 89
0.000014 89
0.000155 89
0.000013 89
0.000154 89
0.000014 89
0.000180 89
0.000016 89
0.000195 89
0.000021 89
0.000158 89
0.000014 89
0.000154 89
0.000014 89
0.000158 89
0.000011 89
0.000161 89
0.000019 89
0.000152 89
0.000020 89
0.000147 89
0.000017 89
0.000165 89
0.000009 89
0.000150 89
0.000016 89
0.000186 89
0.000016 89
0.000182 89
0.000016 89
0.000166 89
0.000015 89
0.000144 89
0.000014 89
0.000269 89
0.000016 89
0.000286 89
0.000018 89
0.000544 89
0.000024 89
0.000323 89
0.000023 89
0.000374 89
0.000052 89
0.000180 89
0.000016 89
0.000206 89
0.000022 89
0.000194 89
0.000015 89
0.000164 89
0.000013 89
0.000197 89
0.000012 89
0.000171 89
0.000012 89
0.000166 89
0.000013 89
0.000200 89
0.000013 89
0.000221 89
0.000014 89
0.000197 89
0.000014 89
0.000831 89
0.000017 89
0.000984 89
0.000019 89
0.001855 89
0.000016 89
0.000617 89
0.000024 89
0.000580 89
0.000016 89
0.000444 89
0.000020 89
0.000640 89
0.000012 89
0.000592 178
0.000946 89
0.000013 89
0.000595 89
0.000021 89
0.000360 89
0.000017 89
0.000219 89
0.000015 89
0.000188 89
0.000016 89
0.000171 89
0.000015 89
0.000574 89
0.000012 89
0.000919 89
0.000030 89
0.000312 178
0.000518 178
0.000849 178
0.000419 178
0.000240 178
0.000179 178
0.000131 89
0.000013 89
0.000224 178
0.000140 89
0.000017 89
0.000153 89
0.000016 89
0.000191 178
0.000137 89
0.000017 89
0.000178 178
0.000157 178
0.000161 178
0.000126 89
0.000016 89
0.000148 89
0.000014 89
0.000172 89
0.000019 89
0.000143 89
0.000011 89
0.000159 89
0.000016 89
0.000158 89
0.000015 89
0.000152 89
0.000015 89
0.000147 89
0.000015 89
0.000147 89
0.000015 89
0.000774 89
0.000016 89
0.000153 89
0.000017 89
0.000157 89
0.000016 89
0.000170 89
0.000014 89
0.000150 89
0.000015 89
0.000142 89
0.000016 89
0.000237 89
0.000016 89
0.001112 89
0.000023 89
0.007657 178
0.000234 178
0.000219 178
0.000198 178
0.000964 89
0.000019 89
0.008618 89
0.000030 89
0.013952 89
0.000014 89
0.000215 89
0.000020 89
0.000176 89
0.000017 89
0.000165 89
0.000016 89
0.000168 89
0.000017 89
0.000157 89
0.000015 89
0.000159 89
0.000016 89
0.000152 89
0.000015 89
0.000289 89
0.000020 89
0.000316 89
0.000017 89
0.000166 89
0.000017 89
0.000183 89
0.000016 89
0.000176 89
0.000016 89
0.000155 89
0.000015 89
0.000161 89
0.000016 89
0.000166 89
0.000016 89
0.000171 89
0.000015 89
0.000151 89
0.000015 89
0.000158 89
0.000015 89
0.000156 89
0.000016 89
0.000171 89
0.000014 89
0.011239 178
0.002819 89
0.000014 89
0.002269 89
0.000014 89
0.002549 178
0.000556 178
0.000422 89
0.000022 89
0.000419 89
0.000017 89
0.000465 178
0.000402 89
0.000018 89
0.000419 89
0.000026 89
0.000737 178
0.000386 89
0.000026 89
0.000975 89
0.000023 89
0.001030 89
0.000022 89
0.000709 89
0.000021 89
0.000803 178
0.001568 89
0.000040 89
0.001176 89
0.000034 89
0.000660 89
0.000044 89
0.000567 89
0.000013 89
0.000633 89
0.000020 89
0.000539 89
0.000018 89
0.000489 178
0.000496 89
0.000011 89
0.000512 89
0.000019 89
0.000531 89
0.000015 89
0.000734 89
0.000014 89
0.000573 89
0.000021 89
0.000508 89
0.000020 89
0.000551 178
0.000477 89
0.000021 89
0.000736 89
0.000021 89
0.000510 89
0.000019 89
0.000854 89
0.000021 89
0.000531 89
0.000020 89
0.000588 89
0.000020 89
0.007373 178
0.000639 178
0.000512 89
0.000019 89
0.000553 178
0.000769 178
0.000578 178
0.000873 89
0.000023 89
0.000539 89
0.000022 89
0.000546 178
0.000499 89
0.000021 89
0.000509 89
0.000023 89
0.000796 178
0.000812 89
0.000260 89
0.000484 89
0.000026 89
0.000830 89
0.000023 89
0.000832 89
0.000028 89
0.000821 89
0.000028 89
0.000819 178
0.000723 89
0.000026 89
0.000618 178
0.000526 89
0.000023 89
0.000500 89
0.000022 89
0.000531 178
0.000508 89
0.000021 89
0.000559 89
0.000012 89
0.000511 89
0.000051 89
0.000477 178
0.000686 89
0.000016 89
0.000507 89
0.000026 89
0.000521 178
0.000527 178
0.000549 178
0.000547 178
0.000489 178
0.000441 89
0.000020 89
0.000473 178
0.000707 89
0.000028 89
0.000556 89
0.000012 89
0.000541 89
0.000021 89
0.000527 89
0.000051 89
0.000493 89
0.000021 89
0.004698 712
0.000190 89
0.000023 89
0.000724 178
0.000566 89
0.000048 89
0.000535 89
0.000014 89
0.000589 89
0.000062 89
0.000752 178
0.000544 91
0.000070 88
0.000526 88
0.000024 88
0.000551 176
0.000761 176
0.000517 176
0.000590 88
0.000028 88
0.000576 88
0.000022 88
0.000576 88
0.000024 88
0.000556 88
0.000028 88
0.000521 88
0.000020 88
0.000553 88
0.000019 88
0.000553 88
0.000015 88
0.000657 88
0.000024 88
0.004087 352
0.000989 88
0.000031 88
0.003702 88
0.000027 88
0.007028 88
0.000030 88
0.004198 352
0.000997 88
0.000028 88
0.001462 88
0.000027 88
0.000970 176
0.001604 88
0.000018 88
0.001204 88
0.000024 88
0.001413 88
0.000030 88
0.000653 176
0.002093 88
0.000022 88
0.000357 88
0.000024 88
0.000567 88
0.000021 88
0.000593 88
0.000027 88
0.000476 88
0.000024 88
0.000347 88
0.000014 88
0.000596 88
0.000143 88
0.000305 88
0.000024 88
0.000926 176
0.000618 88
0.000040 88
0.000413 88
0.000025 88
0.000409 176
0.004534 88
0.000027 88
0.009185 704
0.000977 88
0.000068 88
0.000804 88
0.000126 88
0.000687 88
0.000026 88
0.002379 88
0.000180 88
0.003237 88
0.000077 88
0.001137 88
0.000026 88
0.003681 88
0.000033 88
0.000965 88
0.000080 88
0.000666 176
0.000599 176
0.001110 88
0.000029 88
0.001654 88
0.000032 88
0.000913 88
0.000033 88
0.000742 88
0.000029 88
0.001019 88
0.000030 88
0.000810 88
0.000023 88
0.000698 88
0.000024 88
0.000680 88
0.000105 88
0.001207 88
0.000025 88
0.008289 176
0.002816 176
0.002062 176
0.001077 176
0.001485 176
0.000375 176
0.000648 176
0.000592 176
0.002233 88
0.000025 88
0.001493 88
0.000046 88
0.010650 176
0.001156 88
0.000032 88
0.003620 88
0.000025 88
0.004786 88
0.000031 88
0.003739 88
0.000017 88
0.001082 88
0.000017 88
0.000885 88
0.000034 88
0.007368 176
0.012632 88
0.000031 88
0.000674 88
0.000023 88
0.000651 88
0.000026 88
0.000343 88
0.000023 88
0.000334 88
0.000024 88
0.000332 88
0.000021 88
0.001085 88
0.000028 88
0.014532 88
0.000033 88
0.003211 176
0.007038 88
0.000024 88
0.002930 88
0.000029 88
0.006505 176
0.011158 88
0.000025 88
0.002352 176
0.003133 88
0.000017 88
0.012010 176
0.004266 88
0.000019 88
0.001821 88
0.000019 88
0.002004 176
0.002848 176
0.002141 176
0.001158 176
0.002564 176
0.003435 88
0.000018 88
0.003647 176
0.003726 88
0.000038 88
0.002831 176
0.000981 176
0.001158 176
0.000619 176
0.000436 176
0.003791 176
0.000397 176
0.017261 88
0.000049 88
0.002481 88
0.000029 88
0.001850 88
0.000109 88
0.002636 88
0.000030 88
0.000543 88
0.000024 88
0.000394 88
0.000020 88
0.000380 88
0.000021 88
0.000640 88
0.000037 88
0.000696 88
0.000019 88
0.004696 88
0.000032 88
0.007312 88
0.000038 88
0.001114 88
0.000039 88
0.001277 88
0.000015 88
0.000291 88
0.000080 88
0.001659 176
0.001300 88
0.000020 88
0.000802 88
0.000024 88
0.001369 88
0.000041 88
0.001037 88
0.000020 88
0.000934 88
0.000019 88
0.009384 88
0.000017 88
0.000281 88
0.000062 88
0.000202 88
0.000036 88
0.000233 88
0.000021 88
0.018808 176
0.000347 176
0.000268 176
0.000211 88
0.000025 88
0.000223 88
0.000062 88
0.000188 88
0.000038 88
0.000210 88
0.000014 88
0.000199 88
0.000020 88
0.000702 528
0.000802 704
0.000267 88
0.000027 88
0.000254 88
0.000024 88
0.000295 88
0.000034 88
0.000285 88
0.000022 88
0.000380 88
0.000023 88
0.000271 88
0.000015 88
0.000209 88
0.000021 88
0.000188 88
0.000020 88
0.000186 88
0.000023 88
0.000206 176
0.000214 88
0.000037 88
0.000212 176
0.000227 88
0.000021 88
0.000214 88
0.000023 88
0.000200 88
0.000023 88
0.000197 88
0.000013 88
0.000212 88
0.000013 88
0.000198 88
0.000012 88
0.000253 88
0.000039 88
0.001779 88
0.000026 88
0.000692 88
0.000045 88
0.000540 88
0.000020 88
0.000358 88
0.000018 88
0.000322 88
0.000027 88
0.000263 88
0.000025 88
0.000208 88
0.000021 88
0.000210 88
0.000021 88
0.000306 176
0.000281 176
0.000217 88
0.000012 88
0.000242 88
0.000022 88
0.000235 88
0.000023 88
0.000207 88
0.000012 88
0.000219 88
0.000020 88
0.000216 88
0.000016 88
0.000216 88
0.000018 88
0.000205 88
0.000017 88
0.000203 88
0.000018 88
0.000212 88
0.000016 88
0.000212 88
0.000016 88
0.000209 88
0.000016 88
0.000203 88
0.000017 88
0.000207 88
0.000017 88
0.000213 88
0.000017 88
0.000218 88
0.000021 88
0.000201 88
0.000017 88
0.000263 88
0.000015 88
0.000217 88
0.000012 88
0.000198 88
0.000020 88
0.000208 88
0.000021 88
0.000212 88
0.000021 88
0.000214 88
0.000021 88
0.000206 88
0.000041 88
0.000192 88
0.000019 88
0.000247 88
0.000020 88
0.000238 88
0.000047 88
0.000248 176
0.000369 176
0.000136 88
0.000023 88
0.000225 88
0.000014 88
0.000214 88
0.000036 88
0.000224 88
0.000021 88
0.000222 88
0.000021 89
0.000218 89
0.000013 89
0.000228 89
0.000013 89
0.000212 89
0.000028 89
0.001738 89
0.000017 89
0.003206 178
0.000933 178
0.001971 179
0.000426 176
0.002108 88
0.000598 88
0.001361 176
0.005992 176
0.000393 177
0.000806 89
0.000038 89
0.001761 89
0.000022 89
0.000271 89
0.000028 89
0.000227 89
0.000024 89
0.000230 89
0.000022 89
0.000192 89
0.000018 89
0.000191 89
0.000016 89
0.000258 178
0.000191 89
0.000018 89
0.000199 89
0.000017 89
0.000223 89
0.000017 89
0.000203 89
0.000017 89
0.000205 89
0.000018 89
0.000319 89
0.000020 89
0.000304 89
0.000018 89
0.000209 89
0.000017 89
0.000199 89
0.000018 89
0.000208 89
0.000019 89
0.000199 89
0.000017 89
0.000199 89
0.000017 89
0.000198 89
0.000019 89
0.000282 89
0.000016 89
0.000203 89
0.000017 89
0.000212 89
0.000037 89
0.000194 89
0.000018 89
0.000193 89
0.000018 89
0.000197 89
0.000017 89
0.000196 89
0.000018 89
0.000258 178
0.000194 89
0.000016 89
0.000190 89
0.000018 89
0.000212 89
0.000016 89
0.000199 89
0.000016 89
0.000197 89
0.000016 89
0.000201 89
0.000028 89
0.000206 89
0.000019 89
0.000217 89
0.000020 89
0.000211 89
0.000016 89
0.000220 89
0.000020 89
0.000214 89
0.000016 89
0.000221 89
0.000018 89
0.000198 89
0.000017 89
0.000236 89
0.000019 89
0.000202 89
0.000018 89
0.000286 178
0.000206 89
0.000015 89
0.000242 89
0.000052 89
0.000178 89
0.000021 89
0.000189 89
0.000021 89
0.000198 89
0.000018 89
0.000188 89
0.000012 89
0.000186 89
0.000018 89
0.000187 89
0.000020 89
0.000176 89
0.000023 89
0.000178 89
0.000018 89
0.000186 89
0.000021 89
0.000222 178
0.000179 89
0.000017 89
0.000194 89
0.000016 89
0.000195 89
0.000016 89
0.000219 89
0.000017 89
0.000197 89
0.000014 89
0.000204 89
0.000014 89
0.000198 89
0.000016 89
0.000199 89
0.000017 89
0.000196 89
0.000018 89
0.000255 89
0.000022 89
0.000223 89
0.000018 89
0.000212 89
0.000017 89
0.000218 89
0.000034 89
0.000199 89
0.000038 89
0.000199 89
0.000016 89
0.000201 89
0.000017 89
0.000200 89
0.000019 89
0.000200 89
0.000016 89
0.000206 89
0.000017 89
0.000203 89
0.000017 89
0.000200 89
0.000015 89
0.000219 89
0.000016 89
0.000206 89
0.000018 89
0.000208 89
0.000018 89
0.000197 89
0.000016 89
0.000203 89
0.000018 89
0.000204 89
0.000020 89
0.000199 89
0.000016 89
0.000219 89
0.000016 89
0.000208 89
0.000016 89
0.000213 89
0.000014 89
0.000219 89
0.000019 89
0.001399 89
0.000030 89
0.000410 89
0.000036 89
0.002774 89
0.000019 89
0.006644 89
0.000049 89
0.001375 178
0.001456 178
0.002658 89
0.000016 89
0.001736 178
0.000817 178
0.000507 89
0.000022 89
0.000212 89
0.000017 89
0.000175 89
0.000025 89
0.001531 178
0.000306 178
0.000188 89
0.000018 89
0.000184 89
0.000053 89
0.000137 89
0.000017 89
0.000176 89
0.000010 89
0.000186 89
0.000011 89
0.000188 89
0.000011 89
0.000491 356
0.000086 89
0.000017 89
0.000160 89
0.000019 89
0.000154 89
0.000016 89
0.000161 89
0.000015 89
0.000154 89
0.000025 89
0.000152 89
0.000020 89
0.000151 89
0.000014 89
0.000856 178
0.001446 89
0.000023 89
0.000268 89
0.000019 89
0.000684 89
0.000020 89
0.000219 89
0.000019 89
0.000188 89
0.000018 89
0.000210 89
0.000018 89
0.000235 89
0.000018 89
0.000202 89
0.000018 89
0.000207 89
0.000018 89
0.000181 89
0.000017 89
0.000191 89
0.000017 89
0.000174 89
0.000017 89
0.000192 89
0.000017 89
0.000196 89
0.000016 89
0.008589 178
0.004868 89
0.000020 89
0.001230 89
0.000017 89
0.000364 178
0.000237 178
0.000214 178
0.001033 89
0.000020 89
0.000806 89
0.000019 89
0.002861 178
0.003487 89
0.000030 89
0.003256 89
0.000022 89
0.001900 89
0.000016 89
0.002085 89
0.000064 89
0.002873 89
0.000029 89
0.002090 178
0.002657 89
0.000034 89
0.000579 178
0.000857 178
0.002210 178
0.001298 178
0.001415 178
0.001269 178
0.001059 178
0.001479 89
0.000031 89
0.001851 178
0.001419 178
0.001949 178
0.001679 178
0.001524 178
0.000514 178
0.001294 178
0.001417 89
0.000013 89
0.001729 89
0.000018 89
0.001664 178
0.001306 178
0.000803 178
0.000810 178
0.001170 178
0.001058 178
0.000366 89
0.000018 89
0.001133 89
0.000021 89
0.000554 89
0.000064 89
0.000793 178
0.002014 178
0.000500 178
0.001486 89
0.000018 89
0.001539 178
0.006987 178
0.001491 178
0.002461 178
0.000725 178
0.001208 178
0.000683 178
0.001095 178
0.001490 178
0.001416 178
0.002275 178
0.003205 89
0.000014 89
0.001460 178
0.001513 178
0.001178 178
0.001124 178
0.000756 178
0.001173 178
0.001757 89
0.000024 89
0.001385 178
0.000858 89
0.000016 89
0.001099 178
0.001490 89
0.000016 89
0.002411 178
0.002372 178
0.001293 178
0.002705 178
0.002138 89
0.000018 89
0.001656 89
0.000044 89
0.001381 89
0.000021 89
0.000995 89
0.000018 89
0.000825 178
0.001187 89
0.000013 89
0.001800 178
0.001451 89
0.000028 89
0.001618 89
0.000016 89
0.001469 178
0.000911 178
0.001350 89
0.000011 89
0.001397 89
0.000020 89
0.001599 89
0.000018 89
0.002590 178
0.002650 178
0.001592 178
0.001620 89
0.000019 89
0.002804 89
0.000013 89
0.001127 178
0.000450 89
0.000051 89
0.000125 89
0.000019 89
0.000207 89
0.000015 89
0.000244 89
0.000016 89
0.000392 89
0.000046 89
0.000527 89
0.000018 89
0.007847 178
0.000749 178
0.000935 178
0.000272 178
0.002873 89
0.000019 89
0.001868 178
0.000799 178
0.000353 178
0.000217 89
0.000047 89
0.000180 178
0.000356 178
0.001765 89
0.000019 89
0.000814 89
0.000017 89
0.001084 178
0.001148 89
0.000015 89
0.000715 89
0.000021 89
0.000770 89
0.000026 89
0.000999 89
0.000020 89
0.001007 89
0.000020 89
0.000711 89
0.000019 89
0.000657 89
0.000024 89
0.000711 89
0.000048 89
0.000715 89
0.000019 89
0.000767 178
0.000620 178
0.000665 178
0.000773 178
0.000694 178
0.000626 178
0.000637 178
0.000684 178
0.000654 178
0.000637 178
0.000978 178
0.001028 178
0.000587 89
0.000014 89
0.000768 178
0.000743 178
0.000645 178
0.000660 178
0.000646 178
0.000633 178
0.000585 178
0.000327 89
0.000012 89
0.000811 178
0.000685 89
0.000019 89
0.000754 89
0.000019 89
0.000944 178
0.000735 178
0.000737 178
0.000600 178
0.000654 178
0.000665 179
0.000650 88
0.000019 88
0.000580 88
0.000015 88
0.000666 176
0.000664 88
0.000018 88
0.001315 176
0.000855 88
0.000020 88
0.000829 88
0.000026 88
0.001112 176
0.000908 88
0.000019 88
0.000856 88
0.000013 88
0.000966 176
0.001124 88
0.000023 88
0.000994 176
0.000681 88
0.000021 88
0.000970 176
0.000784 176
0.000641 176
0.000678 176
0.000639 176
0.000667 176
0.000681 176
0.000742 176
0.000968 88
0.000024 88
0.001187 176
0.000782 176
0.000664 176
0.000700 176
0.000446 176
0.000652 176
0.000995 88
0.000041 88
0.001007 88
0.000026 88
0.001007 88
0.000030 88
0.001280 88
0.000025 88
0.000884 88
0.000019 88
0.001073 88
0.000020 88
0.000993 88
0.000018 88
0.000763 88
0.000028 88
0.000797 176
0.001038 176
0.001061 88
0.000015 88
0.000955 88
0.000012 88
0.001149 88
0.000027 88
0.000815 88
0.000013 88
0.000733 88
0.000016 88
0.000730 176
0.000590 88
0.000018 88
0.001118 88
0.000072 88
0.013124 88
0.000016 88
0.001076 88
0.000018 88
0.001078 88
0.000024 88
0.001194 176
0.004459 88
0.000024 88
0.00068