0.778616 116
1.622015 1
0.161383 1
1.265855 2
0.000610 56
0.899673 1
0.137401 1
0.192040 1
0.758346 1
0.093376 1
0.377587 1
0.467222 16
1.123553 2
0.001253 94
0.946500 1
0.249760 1
0.244533 1
0.229392 1
0.215825 1
0.143625 1
0.169843 1
0.209450 10
0.967919 2
0.009675 56
0.008824 26
0.000433 42
0.000280 54
1.360604 75
0.000016 24
0.000007 36
0.067425 63
0.000196 56
0.000016 4
0.001391 48
0.007531 60
0.000279 35
0.149066 4
1.363575 61
0.190498 36
0.007082 36
0.007714 22
0.000039 2
0.026281 30
0.004671 28
0.000072 2
0.016076 18
2.076832 60
0.886185 60
1.005854 48
0.034004 39
0.016894 33
1.525318 4
0.000282 59
0.044363 4
0.007087 65
15.490339 448
0.000133 134
0.000172 175
0.000052 144
0.000142 263
0.000206 298
0.000016 157
0.000179 138
0.000164 121
0.000167 151
0.000167 121
0.000169 149
0.000173 121
0.000174 147
0.000184 121
0.000167 148
0.000179 121
0.000169 152
0.000676 723
0.000195 137
0.000401 90
0.000138 294
0.000072 285
0.000020 135
0.000116 677
0.000020 2
0.000090 306
0.000073 583
0.000008 218
0.000258 190
0.000096 184
0.000307 469
0.000038 501
0.000157 471
0.000023 445
0.019917 801
0.000017 115
0.000203 274
0.000141 916
0.000246 135
0.000150 97
0.000529 117
0.000161 199
0.000044 260
0.000026 134
0.001154 247
0.000437 540
0.002112 1133
0.000802 129
0.023377 115
0.000032 2
0.000017 115
0.000016 2
0.000018 154
0.000015 2
0.000027 148
0.000016 2
0.000115 91
0.000021 2
0.000016 115
0.000014 2
0.000015 80
0.000016 2
0.000015 115
0.000045 2
0.000016 148
0.000014 2
0.000018 108
0.000016 2
0.000236 134
0.000821 129
0.000869 118
0.200208 390
0.000326 150
0.007664 84
0.000303 2
0.506322 131
0.000034 175
0.000024 142
0.000215 134
0.000131 298
0.000009 157
0.000182 319
0.000177 263
0.000188 138
0.000177 121
0.000154 149
0.000168 121
0.000159 147
0.000159 121
0.000153 148
0.000168 121
0.000167 152
0.000200 151
0.000183 121
0.000162 165
0.000165 121
0.000180 437
0.004862 165
0.000326 250
0.000265 190
0.000216 158
0.000203 185
0.000210 161
0.000209 191
0.000221 467
0.000035 161
0.000220 191
0.000205 171
0.000009 309
0.000106 414
0.000020 274
0.000266 190
0.000052 184
0.000294 669
0.000014 301
0.000188 916
0.020943 916
0.000242 302
0.000328 535
0.000044 381
0.000184 135
0.000135 97
0.000421 117
0.000500 199
0.000099 263
0.000085 134
0.000799 247
0.000866 306
0.257283 118
0.123272 94
0.501730 1
0.131304 1
0.622652 1
0.551500 1
2.125883 1
0.485830 1
0.113314 1
0.232994 1
0.072454 1
0.382579 8
1.643359 1
0.084863 1
0.220254 5
0.772429 1
0.211686 1
0.075850 1
0.238360 8
0.469838 2
0.001200 116
10.276252 84
0.646638 2
1.051094 6
0.000706 4
0.000166 4
0.000142 68
0.862717 4
0.000065 4
0.000137 68
0.136182 4
0.000039 4
0.000066 68
0.060801 4
0.000029 4
0.000075 6
0.000021 70
0.000434 86
0.000155 33
0.003729 6
0.009107 116
4.937280 182
0.940182 2
0.730477 74
0.001052 2
0.000564 54
0.000150 28
0.000064 2
0.001014 6
0.000164 4
0.000198 4
0.000123 77
0.345400 4
0.000075 4
0.000071 77
0.820327 8
0.000133 77
0.092258 4
0.000022 4
0.000063 77
0.080156 4
0.000118 81
0.080331 4
0.000042 4
0.000055 77
0.080249 4
0.000088 81
0.080430 8
0.000027 77
0.080691 4
0.000184 81
0.080421 4
0.000073 4
0.000109 77
0.085902 85
0.075870 85
0.080276 4
0.000066 4
0.000140 77
0.079434 4
0.000148 4
0.000068 77
0.080456 4
0.000103 4
0.000104 77
0.080453 4
0.000054 4
0.000134 77
0.080449 8
0.000181 77
0.080353 4
0.000087 4
0.000138 77
0.080468 4
0.000067 4
0.000104 77
0.080504 4
0.000111 4
0.000106 77
0.080391 4
0.000083 4
0.000128 77
0.080358 4
0.000392 4
0.000197 77
0.080426 4
0.000074 4
0.000100 77
0.080442 4
0.000072 4
0.000094 77
0.080314 4
0.000026 4
0.000069 77
0.080256 4
0.000036 4
0.000077 77
0.080251 4
0.000051 4
0.000033 77
0.080274 4
0.000041 4
0.000051 77
0.080311 4
0.000043 4
0.000089 77
0.080186 8
0.000058 77
0.080447 4
0.000033 4
0.000129 77
0.080331 4
0.000046 4
0.000125 77
0.080220 4
0.000047 4
0.000099 77
0.080316 8
0.000085 77
0.080385 4
0.000039 4
0.000055 77
0.080409 8
0.000063 77
0.080319 8
0.000070 77
0.080314 8
0.000065 77
0.080322 8
0.000066 77
0.080320 8
0.000052 77
0.080322 8
0.000072 77
0.080323 8
0.000063 77
0.080363 4
0.000031 4
0.000051 7